29
121
248
37
143
236
93
142
76
186
251
104
10
199
109
153
124
143
224
97
235
160
217
189
9
162
118
94
2
92
13
220
152
29
89
72
102
132
218
180
112
216
237
10
214
39
102
104
160
94
57
241
151
76
214
24
177
96
96
238
200
184
98
6
16
190
0
33
103
251
145
178
17
166
138
157
174
155
142
136
218
237
193
9
162
30
193
194
26
29
120
17
90
24
166
233
73
181
2
34
93
76
97
142
161
158
115
46
114
106
230
72
22
71
68
140
139
152
253
29
102
202
77
158
199
183
105
197
235
189
21
53
172
146
90
249
87
66
52
175
46
74
11
60
65
165
82
212
89
144
